     Type Min.Price Price Max.Price
9  Sporty      13.4  15.1      16.8
14 Sporty      34.6  38.0      41.5
23 Sporty      18.5  25.8      33.1
29 Sporty      10.8  15.9      21.0
30 Sporty      12.8  14.0      15.2
36 Sporty      13.3  14.1      15.0
42 Sporty      11.4  14.4      17.4
45 Sporty      14.0  17.7      21.4
   Range.Price RoughRange gpm100 MPG.city
9          3.4       3.38    4.2       19
14         6.9       6.88    4.8       17
23        14.6      14.60    4.8       18
29        10.2      10.21    3.9       22
30         2.4       2.40    3.7       24
36         1.7       1.71    4.1       23
42         6.0       6.01    3.8       23
45         7.4       7.40    4.2       19
   MPG.highway
9           28
14          25
23          24
29          29
30          30
36          26
42          30
45          28
